Te	ne	3889	4026	4471	5876	6678	7065
10000	10	1.3897	0.2905	0.6105	1.6838	0.4788	0.2876
11000	10	1.2987	0.2655	0.5556	1.5162	0.4306	0.2729
12000	10	1.2201	0.2442	0.5092	1.3767	0.3904	0.2601
13000	10	1.1513	0.2259	0.4695	1.2589	0.3566	0.2488
14000	10	1.0906	0.21	0.4352	1.1582	0.3277	0.2389
15000	10	1.0365	0.196	0.4052	1.0712	0.3028	0.2299
16000	10	0.988	0.1837	0.3788	0.9954	0.281	0.2219
17000	10	0.9442	0.1727	0.3554	0.9287	0.262	0.2146
18000	10	0.9044	0.1629	0.3345	0.8697	0.2451	0.2079
19000	10	0.868	0.154	0.3157	0.8172	0.2301	0.2017
20000	10	0.8347	0.146	0.2988	0.7701	0.2166	0.1961


