Te	ne	3889	4026	4471	5876	6678	7065
10000	1000	1.4732	0.2939	0.6206	1.753	0.4969	0.3759
11000	1000	1.4004	0.27	0.5698	1.6164	0.4576	0.3775
12000	1000	1.3393	0.2501	0.5279	1.509	0.4269	0.3793
13000	1000	1.2868	0.2333	0.493	1.4233	0.4027	0.3808
14000	1000	1.2408	0.2189	0.4635	1.354	0.3835	0.3815
15000	1000	1.1998	0.2064	0.4382	1.297	0.368	0.3814
16000	1000	1.1627	0.1955	0.4164	1.2493	0.3554	0.3804
17000	1000	1.1285	0.1859	0.3973	1.2086	0.3448	0.3785
18000	1000	1.0969	0.1775	0.3805	1.174	0.3359	0.3762
19000	1000	1.0678	0.17	0.3659	1.1457	0.3284	0.3745
20000	1000	1.0405	0.1632	0.3528	1.1206	0.3217	0.3721

