Te	ne	3889	4026	4471	5876	6678	7065
10000	100	1.4005	0.291	0.6116	1.6872	0.4796	0.2978
11000	100	1.3115	0.2661	0.5571	1.524	0.4326	0.285
12000	100	1.2349	0.2449	0.5113	1.3889	0.3938	0.2741
13000	100	1.1681	0.2268	0.4722	1.2755	0.3614	0.2644
14000	100	1.1092	0.2111	0.4385	1.1792	0.3338	0.2559
15000	100	1.0568	0.1973	0.4091	1.0964	0.3102	0.2482
16000	100	1.0098	0.1851	0.3833	1.0245	0.2898	0.2411
17000	100	0.9673	0.1743	0.3604	0.9616	0.272	0.2347
18000	100	0.9286	0.1647	0.3401	0.9061	0.2563	0.2287
19000	100	0.8933	0.156	0.3218	0.8571	0.2424	0.2233
20000	100	0.8609	0.1481	0.3054	0.8133	0.23	0.2183

